99
10
56
90
23
55
65
40
63
12
21
5
21
53
90
12
14
12
77
59
53
56
16
96
57
10
47
39
46
73
2
19
94
72
16
49
48
7
73
80
10
38
72
68
55
12
36
14
37
55
38
29
73
38
48
80
78
60
61
3
68
91
12
19
93
22
75
59
70
27
89
5
56
46
6
30
39
6
3
2
87
21
21
52
9
13
78
27
82
62
51
37
55
51
69
96
62
97
43
47
33
78
70
23
52
71
32
9
13
57
52
45
56
38
54
35
69
64
43
41
86
15
95
64
62
97
35
37
20
20
15
23
42
43
32
74
13
5
76
83
30
19
30
45
67
77
58
43
52
41
67
94
54
7
87
2
90
69
4
2
71
91
40
4
61
52
27
82
53
12
37
84
82
37
7
48
10
18
4
8
31
54
45
34
38
15
94
21
66
75
93
8
39
47
88
9
97
99
78
92
99
70
80
42
8
92
93
81
32
1
96
77
9
56
43
6
55
10
53
45
7
26
73
65
3
39
93
40
34
53
95
55
94
92
79
38
68
26
21
60
25
3
43
11
63
48
31
65
99
93
19
48
76
72
46
75
53
40
62
62
89
46
0
54
4
84
20
7
31
88
31
33
65
12
92
42
85
48
2
2
15
27
16
91
46
43
38
85
0
65
40
94
54
10
26
15
96
65
30
3
77
6
83
8
24
26
55
53
25
57
72
67
15
9
12
49
64
69
50
63
32
34
10
89
36
41
32
53
10
40
66
67
77
7
0
2
10
52
5
9
90
82
48
92
60
94
32
44
31
12
94
57
97
32
80
11
20
67
48
77
82
76
3
99
32
93
40
62
75
19
52
10
70
53
7
63
64
82
3
49
27
65
2
87
31
15
70
28
81
44
60
9
92
78
57
90
77
35
77
95
31
97
6
43
93
93
73
17
53
42
97
64
39
48
41
37
2
17
85
31
68
35
53
71
60
29
72
53
69
52
27
3
62
42
3
61
0
86
94
15
53
25
82
0
7
65
60
52
99
8
24
76
32
2
42
85
70
25
85
67
63
90
84
85
32
20
65
64
35
7
2
24
58
19
39
2
64
68
7
51
48
88
39
5
46
43
93
81
6
27
51
74
40
35
38
18
69
86
54
39
81
38
96
16
82
53
83
5
78
25
74
37
22
44
27
80
49
24
92
98
48
38
22
75
23
40
66
64
38
69
77
83
90
49
62
99
15
79
51
54
60
59
76
37
9
44
74
10
78
95
0
49
76
30
42
97
77
25
56
81
5
23
91
99
72
65
13
21
87
3
85
97
75
72
75
24
49
33
14
82
4
85
73
60
14
20
84
98
21
42
40
28
47
0
22
48
64
54
40
59
24
16
47
78
94
95
89
71
71
26
75
37
20
10
99
76
54
8
39
91
64
59
66
21
20
91
32
78
68
88
50
15
21
51
16
32
65
79
83
99
77
0
3
47
54
82
49
14
24
64
87
15
42
24
45
20
93
88
32
93
32
87
30
75
93
42
77
60
94
21
8
38
68
82
0
91
33
5
57
61
45
23
45
19
90
85
62
37
68
3
11
0
7
43
9
58
62
68
80
53
54
53
70
10
85
84
77
82
65
55
61
97
23
22
68
95
20
42
73
16
6
38
60
8
2
92
71
76
51
46
55
60
88
40
39
38
90
43
63
40
79
0
69
30
99
63
56
23
33
6
73
34
32
22
51
56
29
58
92
33
80
59
42
53
73
36
40
50
44
98
61
72
19
68
43
52
1
62
33
10
65
47
92
61
56
13
24
73
42
76
7
2
68
84
7
15
84
90
57
74
36
25
71
43
16
34
89
92
78
1
8
56
91
83
60
19
68
98
16
87
4
80
17
73
69
96
68
59
71
21
25
87
40
61
81
48
7
68
40
12
88
7
48
3
68
71
98
79
98
70
10
2
57
36
14
32
94
27
64
45
22
39
22
83
50
82
79
85
15
44
36
94
4
97
29
1
55
88
1
58
56
48
18
89
37
21
50
22
39
26
48
81
14
27
86
56
52
23
18
84
56
75
37
53
87
73
60
31
97
60
19
18
28
20
85
36
45
72
77
67
8
73
82
34
79
88
26
13
92
12
14
17
84
49
94
5
55
79
64
76
89
80
26
44
16
39
33
61
9
59
34
99
61
82
52
64
12
88
73
82
45
21
85
33
64
78
49
30
50
86
13
57
88
28
79
49
62
33
73
82
0
83
90
78
78
59
78
69
1
5
17
55
6
3
45
72
7
66
52
1
